Time,	1.1_Topic 1.1,	1.1_RawVal,	1.1_Scale_Factor,	1.1_ScaledVal,	1.2Topic 1.2,	1.2_RawVal,	1.2_Scale_Factor,	1.2_ScaledVal,	2.1_Topic 2.1,	2.1_RawVal,	2.1_Scale_Factor,	2.1_ScaledVal,	2.2_Topic 2.2,	2.2_RawVal,	2.2_Scale_Factor,	2.2_ScaledVal,
1652372775082,	Topic 1.1,	2949163,	2,	5898326.0,	Topic 1.2,	2752558,	1,	2752558.0,	Topic 2.1,	2949163,	0.5,	1474581.5,	Topic 2.2,	2752558,	1.5,	4128837.0,	
1652372775182,	Topic 1.1,	3014698,	2,	6029396.0,	Topic 1.2,	3014698,	1,	3014698.0,	Topic 2.1,	3014698,	0.5,	1507349.0,	Topic 2.2,	3014698,	1.5,	4522047.0,	
1652372775284,	Topic 1.1,	2752557,	2,	5505114.0,	Topic 1.2,	2752557,	1,	2752557.0,	Topic 2.1,	2752557,	0.5,	1376278.5,	Topic 2.2,	2752557,	1.5,	4128835.5,	
1652372775385,	Topic 1.1,	2949166,	2,	5898332.0,	Topic 1.2,	2752555,	1,	2752555.0,	Topic 2.1,	2949166,	0.5,	1474583.0,	Topic 2.2,	2752555,	1.5,	4128832.5,	
1652372775486,	Topic 1.1,	3080240,	2,	6160480.0,	Topic 1.2,	2818094,	1,	2818094.0,	Topic 2.1,	3080240,	0.5,	1540120.0,	Topic 2.2,	2818094,	1.5,	4227141.0,	
1652372775587,	Topic 1.1,	2883627,	2,	5767254.0,	Topic 1.2,	2752556,	1,	2752556.0,	Topic 2.1,	2883627,	0.5,	1441813.5,	Topic 2.2,	2752556,	1.5,	4128834.0,	
1652372775689,	Topic 1.1,	3014701,	2,	6029402.0,	Topic 1.2,	3080237,	1,	3080237.0,	Topic 2.1,	3014701,	0.5,	1507350.5,	Topic 2.2,	3080237,	1.5,	4620355.5,	
1652372775789,	Topic 1.1,	2687019,	2,	5374038.0,	Topic 1.2,	3014705,	1,	3014705.0,	Topic 2.1,	2687019,	0.5,	1343509.5,	Topic 2.2,	3014705,	1.5,	4522057.5,	
1652372775891,	Topic 1.1,	3080237,	2,	6160474.0,	Topic 1.2,	2949161,	1,	2949161.0,	Topic 2.1,	3080237,	0.5,	1540118.5,	Topic 2.2,	2949161,	1.5,	4423741.5,	
1652372775993,	Topic 1.1,	3145771,	2,	6291542.0,	Topic 1.2,	3014704,	1,	3014704.0,	Topic 2.1,	3145771,	0.5,	1572885.5,	Topic 2.2,	3014704,	1.5,	4522056.0,	
1652372776094,	Topic 1.1,	3014698,	2,	6029396.0,	Topic 1.2,	2949166,	1,	2949166.0,	Topic 2.1,	3014698,	0.5,	1507349.0,	Topic 2.2,	2949166,	1.5,	4423749.0,	
1652372776195,	Topic 1.1,	3014702,	2,	6029404.0,	Topic 1.2,	2949165,	1,	2949165.0,	Topic 2.1,	3014702,	0.5,	1507351.0,	Topic 2.2,	2949165,	1.5,	4423747.5,	
1652372776296,	Topic 1.1,	2949165,	2,	5898330.0,	Topic 1.2,	3080239,	1,	3080239.0,	Topic 2.1,	2949165,	0.5,	1474582.5,	Topic 2.2,	3080239,	1.5,	4620358.5,	
1652372776398,	Topic 1.1,	2949167,	2,	5898334.0,	Topic 1.2,	2818095,	1,	2818095.0,	Topic 2.1,	2949167,	0.5,	1474583.5,	Topic 2.2,	2818095,	1.5,	4227142.5,	
1652372776508,	Topic 1.1,	2883628,	2,	5767256.0,	Topic 1.2,	2818092,	1,	2818092.0,	Topic 2.1,	2883628,	0.5,	1441814.0,	Topic 2.2,	2818092,	1.5,	4227138.0,	
1652372776609,	Topic 1.1,	2818096,	2,	5636192.0,	Topic 1.2,	3080237,	1,	3080237.0,	Topic 2.1,	2818096,	0.5,	1409048.0,	Topic 2.2,	3080237,	1.5,	4620355.5,	
1652372776711,	Topic 1.1,	3014699,	2,	6029398.0,	Topic 1.2,	2949166,	1,	2949166.0,	Topic 2.1,	3014699,	0.5,	1507349.5,	Topic 2.2,	2949166,	1.5,	4423749.0,	
1652372776812,	Topic 1.1,	3014702,	2,	6029404.0,	Topic 1.2,	2818092,	1,	2818092.0,	Topic 2.1,	3014702,	0.5,	1507351.0,	Topic 2.2,	2818092,	1.5,	4227138.0,	
1652372776913,	Topic 1.1,	3080239,	2,	6160478.0,	Topic 1.2,	2949165,	1,	2949165.0,	Topic 2.1,	3080239,	0.5,	1540119.5,	Topic 2.2,	2949165,	1.5,	4423747.5,	
1652372777014,	Topic 1.1,	3014703,	2,	6029406.0,	Topic 1.2,	2752558,	1,	2752558.0,	Topic 2.1,	3014703,	0.5,	1507351.5,	Topic 2.2,	2752558,	1.5,	4128837.0,	
1652372777116,	Topic 1.1,	3014703,	2,	6029406.0,	Topic 1.2,	3014700,	1,	3014700.0,	Topic 2.1,	3014703,	0.5,	1507351.5,	Topic 2.2,	3014700,	1.5,	4522050.0,	
1652372777217,	Topic 1.1,	2949165,	2,	5898330.0,	Topic 1.2,	2818091,	1,	2818091.0,	Topic 2.1,	2949165,	0.5,	1474582.5,	Topic 2.2,	2818091,	1.5,	4227136.5,	
1652372777319,	Topic 1.1,	2687021,	2,	5374042.0,	Topic 1.2,	3080233,	1,	3080233.0,	Topic 2.1,	2687021,	0.5,	1343510.5,	Topic 2.2,	3080233,	1.5,	4620349.5,	
1652372777419,	Topic 1.1,	2883629,	2,	5767258.0,	Topic 1.2,	3014699,	1,	3014699.0,	Topic 2.1,	2883629,	0.5,	1441814.5,	Topic 2.2,	3014699,	1.5,	4522048.5,	
1652372777521,	Topic 1.1,	2752559,	2,	5505118.0,	Topic 1.2,	2883629,	1,	2883629.0,	Topic 2.1,	2752559,	0.5,	1376279.5,	Topic 2.2,	2883629,	1.5,	4325443.5,	
1652372777622,	Topic 1.1,	3080236,	2,	6160472.0,	Topic 1.2,	2949165,	1,	2949165.0,	Topic 2.1,	3080236,	0.5,	1540118.0,	Topic 2.2,	2949165,	1.5,	4423747.5,	
1652372777723,	Topic 1.1,	2949164,	2,	5898328.0,	Topic 1.2,	2818094,	1,	2818094.0,	Topic 2.1,	2949164,	0.5,	1474582.0,	Topic 2.2,	2818094,	1.5,	4227141.0,	
1652372777825,	Topic 1.1,	3014705,	2,	6029410.0,	Topic 1.2,	3211312,	1,	3211312.0,	Topic 2.1,	3014705,	0.5,	1507352.5,	Topic 2.2,	3211312,	1.5,	4816968.0,	
1652372777926,	Topic 1.1,	3014698,	2,	6029396.0,	Topic 1.2,	3080237,	1,	3080237.0,	Topic 2.1,	3014698,	0.5,	1507349.0,	Topic 2.2,	3080237,	1.5,	4620355.5,	
1652372778028,	Topic 1.1,	3014700,	2,	6029400.0,	Topic 1.2,	3080234,	1,	3080234.0,	Topic 2.1,	3014700,	0.5,	1507350.0,	Topic 2.2,	3080234,	1.5,	4620351.0,	
1652372778130,	Topic 1.1,	2818090,	2,	5636180.0,	Topic 1.2,	3014702,	1,	3014702.0,	Topic 2.1,	2818090,	0.5,	1409045.0,	Topic 2.2,	3014702,	1.5,	4522053.0,	
1652372778230,	Topic 1.1,	2949164,	2,	5898328.0,	Topic 1.2,	3080233,	1,	3080233.0,	Topic 2.1,	2949164,	0.5,	1474582.0,	Topic 2.2,	3080233,	1.5,	4620349.5,	
1652372778331,	Topic 1.1,	2818093,	2,	5636186.0,	Topic 1.2,	2752553,	1,	2752553.0,	Topic 2.1,	2818093,	0.5,	1409046.5,	Topic 2.2,	2752553,	1.5,	4128829.5,	
1652372778432,	Topic 1.1,	3211310,	2,	6422620.0,	Topic 1.2,	2883629,	1,	2883629.0,	Topic 2.1,	3211310,	0.5,	1605655.0,	Topic 2.2,	2883629,	1.5,	4325443.5,	
1652372778533,	Topic 1.1,	2687021,	2,	5374042.0,	Topic 1.2,	2949162,	1,	2949162.0,	Topic 2.1,	2687021,	0.5,	1343510.5,	Topic 2.2,	2949162,	1.5,	4423743.0,	
1652372778634,	Topic 1.1,	3145773,	2,	6291546.0,	Topic 1.2,	2883625,	1,	2883625.0,	Topic 2.1,	3145773,	0.5,	1572886.5,	Topic 2.2,	2883625,	1.5,	4325437.5,	
1652372778736,	Topic 1.1,	2949165,	2,	5898330.0,	Topic 1.2,	3014701,	1,	3014701.0,	Topic 2.1,	2949165,	0.5,	1474582.5,	Topic 2.2,	3014701,	1.5,	4522051.5,	
1652372778837,	Topic 1.1,	2752559,	2,	5505118.0,	Topic 1.2,	3014699,	1,	3014699.0,	Topic 2.1,	2752559,	0.5,	1376279.5,	Topic 2.2,	3014699,	1.5,	4522048.5,	
1652372778938,	Topic 1.1,	2752559,	2,	5505118.0,	Topic 1.2,	3014699,	1,	3014699.0,	Topic 2.1,	2752559,	0.5,	1376279.5,	Topic 2.2,	3014699,	1.5,	4522048.5,	
1652372779040,	Topic 1.1,	2752560,	2,	5505120.0,	Topic 1.2,	2949165,	1,	2949165.0,	Topic 2.1,	2752560,	0.5,	1376280.0,	Topic 2.2,	2949165,	1.5,	4423747.5,	
1652372779141,	Topic 1.1,	2949167,	2,	5898334.0,	Topic 1.2,	3014698,	1,	3014698.0,	Topic 2.1,	2949167,	0.5,	1474583.5,	Topic 2.2,	3014698,	1.5,	4522047.0,	
1652372779242,	Topic 1.1,	3014696,	2,	6029392.0,	Topic 1.2,	3014701,	1,	3014701.0,	Topic 2.1,	3014696,	0.5,	1507348.0,	Topic 2.2,	3014701,	1.5,	4522051.5,	
1652372779343,	Topic 1.1,	3145773,	2,	6291546.0,	Topic 1.2,	2883626,	1,	2883626.0,	Topic 2.1,	3145773,	0.5,	1572886.5,	Topic 2.2,	2883626,	1.5,	4325439.0,	
1652372779444,	Topic 1.1,	3014701,	2,	6029402.0,	Topic 1.2,	2949161,	1,	2949161.0,	Topic 2.1,	3014701,	0.5,	1507350.5,	Topic 2.2,	2949161,	1.5,	4423741.5,	
1652372779546,	Topic 1.1,	2883630,	2,	5767260.0,	Topic 1.2,	2687021,	1,	2687021.0,	Topic 2.1,	2883630,	0.5,	1441815.0,	Topic 2.2,	2687021,	1.5,	4030531.5,	
1652372779647,	Topic 1.1,	2949164,	2,	5898328.0,	Topic 1.2,	2752553,	1,	2752553.0,	Topic 2.1,	2949164,	0.5,	1474582.0,	Topic 2.2,	2752553,	1.5,	4128829.5,	
1652372779748,	Topic 1.1,	2752559,	2,	5505118.0,	Topic 1.2,	2752552,	1,	2752552.0,	Topic 2.1,	2752559,	0.5,	1376279.5,	Topic 2.2,	2752552,	1.5,	4128828.0,	
1652372779850,	Topic 1.1,	2752557,	2,	5505114.0,	Topic 1.2,	3014702,	1,	3014702.0,	Topic 2.1,	2752557,	0.5,	1376278.5,	Topic 2.2,	3014702,	1.5,	4522053.0,	
1652372779952,	Topic 1.1,	2949165,	2,	5898330.0,	Topic 1.2,	2883631,	1,	2883631.0,	Topic 2.1,	2949165,	0.5,	1474582.5,	Topic 2.2,	2883631,	1.5,	4325446.5,	
1652372780053,	Topic 1.1,	2883627,	2,	5767254.0,	Topic 1.2,	3145772,	1,	3145772.0,	Topic 2.1,	2883627,	0.5,	1441813.5,	Topic 2.2,	3145772,	1.5,	4718658.0,	
1652372780154,	Topic 1.1,	3014703,	2,	6029406.0,	Topic 1.2,	2687018,	1,	2687018.0,	Topic 2.1,	3014703,	0.5,	1507351.5,	Topic 2.2,	2687018,	1.5,	4030527.0,	
1652372780256,	Topic 1.1,	3080239,	2,	6160478.0,	Topic 1.2,	3145770,	1,	3145770.0,	Topic 2.1,	3080239,	0.5,	1540119.5,	Topic 2.2,	3145770,	1.5,	4718655.0,	
1652372780357,	Topic 1.1,	2883631,	2,	5767262.0,	Topic 1.2,	2883631,	1,	2883631.0,	Topic 2.1,	2883631,	0.5,	1441815.5,	Topic 2.2,	2883631,	1.5,	4325446.5,	
1652372780457,	Topic 1.1,	3080239,	2,	6160478.0,	Topic 1.2,	2949161,	1,	2949161.0,	Topic 2.1,	3080239,	0.5,	1540119.5,	Topic 2.2,	2949161,	1.5,	4423741.5,	
1652372780559,	Topic 1.1,	3080234,	2,	6160468.0,	Topic 1.2,	2949163,	1,	2949163.0,	Topic 2.1,	3080234,	0.5,	1540117.0,	Topic 2.2,	2949163,	1.5,	4423744.5,	
1652372780660,	Topic 1.1,	3014704,	2,	6029408.0,	Topic 1.2,	3014699,	1,	3014699.0,	Topic 2.1,	3014704,	0.5,	1507352.0,	Topic 2.2,	3014699,	1.5,	4522048.5,	
1652372780761,	Topic 1.1,	3014704,	2,	6029408.0,	Topic 1.2,	2752556,	1,	2752556.0,	Topic 2.1,	3014704,	0.5,	1507352.0,	Topic 2.2,	2752556,	1.5,	4128834.0,	
1652372780862,	Topic 1.1,	3145777,	2,	6291554.0,	Topic 1.2,	2949163,	1,	2949163.0,	Topic 2.1,	3145777,	0.5,	1572888.5,	Topic 2.2,	2949163,	1.5,	4423744.5,	
1652372780963,	Topic 1.1,	2818093,	2,	5636186.0,	Topic 1.2,	2949161,	1,	2949161.0,	Topic 2.1,	2818093,	0.5,	1409046.5,	Topic 2.2,	2949161,	1.5,	4423741.5,	
1652372781065,	Topic 1.1,	2752557,	2,	5505114.0,	Topic 1.2,	3080236,	1,	3080236.0,	Topic 2.1,	2752557,	0.5,	1376278.5,	Topic 2.2,	3080236,	1.5,	4620354.0,	
1652372781166,	Topic 1.1,	2883630,	2,	5767260.0,	Topic 1.2,	2818093,	1,	2818093.0,	Topic 2.1,	2883630,	0.5,	1441815.0,	Topic 2.2,	2818093,	1.5,	4227139.5,	
1652372781267,	Topic 1.1,	3080237,	2,	6160474.0,	Topic 1.2,	3014701,	1,	3014701.0,	Topic 2.1,	3080237,	0.5,	1540118.5,	Topic 2.2,	3014701,	1.5,	4522051.5,	
1652372781368,	Topic 1.1,	3014698,	2,	6029396.0,	Topic 1.2,	2752553,	1,	2752553.0,	Topic 2.1,	3014698,	0.5,	1507349.0,	Topic 2.2,	2752553,	1.5,	4128829.5,	
1652372781470,	Topic 1.1,	3014697,	2,	6029394.0,	Topic 1.2,	2818091,	1,	2818091.0,	Topic 2.1,	3014697,	0.5,	1507348.5,	Topic 2.2,	2818091,	1.5,	4227136.5,	
1652372781571,	Topic 1.1,	3080237,	2,	6160474.0,	Topic 1.2,	3014703,	1,	3014703.0,	Topic 2.1,	3080237,	0.5,	1540118.5,	Topic 2.2,	3014703,	1.5,	4522054.5,	
1652372781675,	Topic 1.1,	2687022,	2,	5374044.0,	Topic 1.2,	2883625,	1,	2883625.0,	Topic 2.1,	2687022,	0.5,	1343511.0,	Topic 2.2,	2883625,	1.5,	4325437.5,	
1652372781773,	Topic 1.1,	3014699,	2,	6029398.0,	Topic 1.2,	3080234,	1,	3080234.0,	Topic 2.1,	3014699,	0.5,	1507349.5,	Topic 2.2,	3080234,	1.5,	4620351.0,	
1652372781874,	Topic 1.1,	3080235,	2,	6160470.0,	Topic 1.2,	2949163,	1,	2949163.0,	Topic 2.1,	3080235,	0.5,	1540117.5,	Topic 2.2,	2949163,	1.5,	4423744.5,	
1652372781975,	Topic 1.1,	3080240,	2,	6160480.0,	Topic 1.2,	2752556,	1,	2752556.0,	Topic 2.1,	3080240,	0.5,	1540120.0,	Topic 2.2,	2752556,	1.5,	4128834.0,	
1652372782077,	Topic 1.1,	2818091,	2,	5636182.0,	Topic 1.2,	2949162,	1,	2949162.0,	Topic 2.1,	2818091,	0.5,	1409045.5,	Topic 2.2,	2949162,	1.5,	4423743.0,	
1652372782179,	Topic 1.1,	3014702,	2,	6029404.0,	Topic 1.2,	3145775,	1,	3145775.0,	Topic 2.1,	3014702,	0.5,	1507351.0,	Topic 2.2,	3145775,	1.5,	4718662.5,	
1652372782280,	Topic 1.1,	2883631,	2,	5767262.0,	Topic 1.2,	3014700,	1,	3014700.0,	Topic 2.1,	2883631,	0.5,	1441815.5,	Topic 2.2,	3014700,	1.5,	4522050.0,	
1652372782381,	Topic 1.1,	2752556,	2,	5505112.0,	Topic 1.2,	2752554,	1,	2752554.0,	Topic 2.1,	2752556,	0.5,	1376278.0,	Topic 2.2,	2752554,	1.5,	4128831.0,	
1652372782482,	Topic 1.1,	2949167,	2,	5898334.0,	Topic 1.2,	2818090,	1,	2818090.0,	Topic 2.1,	2949167,	0.5,	1474583.5,	Topic 2.2,	2818090,	1.5,	4227135.0,	
1652372782583,	Topic 1.1,	3014700,	2,	6029400.0,	Topic 1.2,	3014702,	1,	3014702.0,	Topic 2.1,	3014700,	0.5,	1507350.0,	Topic 2.2,	3014702,	1.5,	4522053.0,	
1652372782685,	Topic 1.1,	2949163,	2,	5898326.0,	Topic 1.2,	3014700,	1,	3014700.0,	Topic 2.1,	2949163,	0.5,	1474581.5,	Topic 2.2,	3014700,	1.5,	4522050.0,	
1652372782786,	Topic 1.1,	3080235,	2,	6160470.0,	Topic 1.2,	3145772,	1,	3145772.0,	Topic 2.1,	3080235,	0.5,	1540117.5,	Topic 2.2,	3145772,	1.5,	4718658.0,	
1652372782887,	Topic 1.1,	2949164,	2,	5898328.0,	Topic 1.2,	2949165,	1,	2949165.0,	Topic 2.1,	2949164,	0.5,	1474582.0,	Topic 2.2,	2949165,	1.5,	4423747.5,	
1652372782988,	Topic 1.1,	2818096,	2,	5636192.0,	Topic 1.2,	2883629,	1,	2883629.0,	Topic 2.1,	2818096,	0.5,	1409048.0,	Topic 2.2,	2883629,	1.5,	4325443.5,	
1652372783092,	Topic 1.1,	3014704,	2,	6029408.0,	Topic 1.2,	2687022,	1,	2687022.0,	Topic 2.1,	3014704,	0.5,	1507352.0,	Topic 2.2,	2687022,	1.5,	4030533.0,	
1652372783191,	Topic 1.1,	2883629,	2,	5767258.0,	Topic 1.2,	3014698,	1,	3014698.0,	Topic 2.1,	2883629,	0.5,	1441814.5,	Topic 2.2,	3014698,	1.5,	4522047.0,	
1652372783292,	Topic 1.1,	3014702,	2,	6029404.0,	Topic 1.2,	2752555,	1,	2752555.0,	Topic 2.1,	3014702,	0.5,	1507351.0,	Topic 2.2,	2752555,	1.5,	4128832.5,	
1652372783393,	Topic 1.1,	3014704,	2,	6029408.0,	Topic 1.2,	3145775,	1,	3145775.0,	Topic 2.1,	3014704,	0.5,	1507352.0,	Topic 2.2,	3145775,	1.5,	4718662.5,	
1652372783495,	Topic 1.1,	3080238,	2,	6160476.0,	Topic 1.2,	2752559,	1,	2752559.0,	Topic 2.1,	3080238,	0.5,	1540119.0,	Topic 2.2,	2752559,	1.5,	4128838.5,	
1652372783597,	Topic 1.1,	3014701,	2,	6029402.0,	Topic 1.2,	2687023,	1,	2687023.0,	Topic 2.1,	3014701,	0.5,	1507350.5,	Topic 2.2,	2687023,	1.5,	4030534.5,	
1652372783696,	Topic 1.1,	2687025,	2,	5374050.0,	Topic 1.2,	3080238,	1,	3080238.0,	Topic 2.1,	2687025,	0.5,	1343512.5,	Topic 2.2,	3080238,	1.5,	4620357.0,	
1652372783798,	Topic 1.1,	3014702,	2,	6029404.0,	Topic 1.2,	2949170,	1,	2949170.0,	Topic 2.1,	3014702,	0.5,	1507351.0,	Topic 2.2,	2949170,	1.5,	4423755.0,	
1652372783899,	Topic 1.1,	2752557,	2,	5505114.0,	Topic 1.2,	2752553,	1,	2752553.0,	Topic 2.1,	2752557,	0.5,	1376278.5,	Topic 2.2,	2752553,	1.5,	4128829.5,	
1652372784001,	Topic 1.1,	2818091,	2,	5636182.0,	Topic 1.2,	3014698,	1,	3014698.0,	Topic 2.1,	2818091,	0.5,	1409045.5,	Topic 2.2,	3014698,	1.5,	4522047.0,	
1652372784102,	Topic 1.1,	3014700,	2,	6029400.0,	Topic 1.2,	2883629,	1,	2883629.0,	Topic 2.1,	3014700,	0.5,	1507350.0,	Topic 2.2,	2883629,	1.5,	4325443.5,	
1652372784203,	Topic 1.1,	3014702,	2,	6029404.0,	Topic 1.2,	3080234,	1,	3080234.0,	Topic 2.1,	3014702,	0.5,	1507351.0,	Topic 2.2,	3080234,	1.5,	4620351.0,	
1652372784304,	Topic 1.1,	2949164,	2,	5898328.0,	Topic 1.2,	3014701,	1,	3014701.0,	Topic 2.1,	2949164,	0.5,	1474582.0,	Topic 2.2,	3014701,	1.5,	4522051.5,	
1652372784406,	Topic 1.1,	2752558,	2,	5505116.0,	Topic 1.2,	3014702,	1,	3014702.0,	Topic 2.1,	2752558,	0.5,	1376279.0,	Topic 2.2,	3014702,	1.5,	4522053.0,	
1652372784507,	Topic 1.1,	2752556,	2,	5505112.0,	Topic 1.2,	3014701,	1,	3014701.0,	Topic 2.1,	2752556,	0.5,	1376278.0,	Topic 2.2,	3014701,	1.5,	4522051.5,	
1652372784608,	Topic 1.1,	3145773,	2,	6291546.0,	Topic 1.2,	2818091,	1,	2818091.0,	Topic 2.1,	3145773,	0.5,	1572886.5,	Topic 2.2,	2818091,	1.5,	4227136.5,	
1652372784709,	Topic 1.1,	2949167,	2,	5898334.0,	Topic 1.2,	2949166,	1,	2949166.0,	Topic 2.1,	2949167,	0.5,	1474583.5,	Topic 2.2,	2949166,	1.5,	4423749.0,	
1652372784810,	Topic 1.1,	3145774,	2,	6291548.0,	Topic 1.2,	2883628,	1,	2883628.0,	Topic 2.1,	3145774,	0.5,	1572887.0,	Topic 2.2,	2883628,	1.5,	4325442.0,	
1652372784912,	Topic 1.1,	3014698,	2,	6029396.0,	Topic 1.2,	3145767,	1,	3145767.0,	Topic 2.1,	3014698,	0.5,	1507349.0,	Topic 2.2,	3145767,	1.5,	4718650.5,	
1652372785013,	Topic 1.1,	3014698,	2,	6029396.0,	Topic 1.2,	2949161,	1,	2949161.0,	Topic 2.1,	3014698,	0.5,	1507349.0,	Topic 2.2,	2949161,	1.5,	4423741.5,	
1652372785115,	Topic 1.1,	2949169,	2,	5898338.0,	Topic 1.2,	3145770,	1,	3145770.0,	Topic 2.1,	2949169,	0.5,	1474584.5,	Topic 2.2,	3145770,	1.5,	4718655.0,	
1652372785216,	Topic 1.1,	3145769,	2,	6291538.0,	Topic 1.2,	3080234,	1,	3080234.0,	Topic 2.1,	3145769,	0.5,	1572884.5,	Topic 2.2,	3080234,	1.5,	4620351.0,	
1652372785317,	Topic 1.1,	2818093,	2,	5636186.0,	Topic 1.2,	2949161,	1,	2949161.0,	Topic 2.1,	2818093,	0.5,	1409046.5,	Topic 2.2,	2949161,	1.5,	4423741.5,	
1652372785417,	Topic 1.1,	2949164,	2,	5898328.0,	Topic 1.2,	2949162,	1,	2949162.0,	Topic 2.1,	2949164,	0.5,	1474582.0,	Topic 2.2,	2949162,	1.5,	4423743.0,	
1652372785519,	Topic 1.1,	2883629,	2,	5767258.0,	Topic 1.2,	2818091,	1,	2818091.0,	Topic 2.1,	2883629,	0.5,	1441814.5,	Topic 2.2,	2818091,	1.5,	4227136.5,	
1652372785621,	Topic 1.1,	2883629,	2,	5767258.0,	Topic 1.2,	2818095,	1,	2818095.0,	Topic 2.1,	2883629,	0.5,	1441814.5,	Topic 2.2,	2818095,	1.5,	4227142.5,	
1652372785722,	Topic 1.1,	2818095,	2,	5636190.0,	Topic 1.2,	3080235,	1,	3080235.0,	Topic 2.1,	2818095,	0.5,	1409047.5,	Topic 2.2,	3080235,	1.5,	4620352.5,	
1652372785822,	Topic 1.1,	2818093,	2,	5636186.0,	Topic 1.2,	3145772,	1,	3145772.0,	Topic 2.1,	2818093,	0.5,	1409046.5,	Topic 2.2,	3145772,	1.5,	4718658.0,	
1652372785924,	Topic 1.1,	3014700,	2,	6029400.0,	Topic 1.2,	2752554,	1,	2752554.0,	Topic 2.1,	3014700,	0.5,	1507350.0,	Topic 2.2,	2752554,	1.5,	4128831.0,	
1652372786025,	Topic 1.1,	2752555,	2,	5505110.0,	Topic 1.2,	2883626,	1,	2883626.0,	Topic 2.1,	2752555,	0.5,	1376277.5,	Topic 2.2,	2883626,	1.5,	4325439.0,	
1652372786127,	Topic 1.1,	2949165,	2,	5898330.0,	Topic 1.2,	2949168,	1,	2949168.0,	Topic 2.1,	2949165,	0.5,	1474582.5,	Topic 2.2,	2949168,	1.5,	4423752.0,	
1652372786228,	Topic 1.1,	2883626,	2,	5767252.0,	Topic 1.2,	3080236,	1,	3080236.0,	Topic 2.1,	2883626,	0.5,	1441813.0,	Topic 2.2,	3080236,	1.5,	4620354.0,	
1652372786329,	Topic 1.1,	2883630,	2,	5767260.0,	Topic 1.2,	3014697,	1,	3014697.0,	Topic 2.1,	2883630,	0.5,	1441815.0,	Topic 2.2,	3014697,	1.5,	4522045.5,	
1652372786430,	Topic 1.1,	2949165,	2,	5898330.0,	Topic 1.2,	2949168,	1,	2949168.0,	Topic 2.1,	2949165,	0.5,	1474582.5,	Topic 2.2,	2949168,	1.5,	4423752.0,	
1652372786532,	Topic 1.1,	2883628,	2,	5767256.0,	Topic 1.2,	2818095,	1,	2818095.0,	Topic 2.1,	2883628,	0.5,	1441814.0,	Topic 2.2,	2818095,	1.5,	4227142.5,	
1652372786632,	Topic 1.1,	2818093,	2,	5636186.0,	Topic 1.2,	2949167,	1,	2949167.0,	Topic 2.1,	2818093,	0.5,	1409046.5,	Topic 2.2,	2949167,	1.5,	4423750.5,	
1652372786734,	Topic 1.1,	3145771,	2,	6291542.0,	Topic 1.2,	2818094,	1,	2818094.0,	Topic 2.1,	3145771,	0.5,	1572885.5,	Topic 2.2,	2818094,	1.5,	4227141.0,	
1652372786835,	Topic 1.1,	2818090,	2,	5636180.0,	Topic 1.2,	2818093,	1,	2818093.0,	Topic 2.1,	2818090,	0.5,	1409045.0,	Topic 2.2,	2818093,	1.5,	4227139.5,	
1652372786937,	Topic 1.1,	3014702,	2,	6029404.0,	Topic 1.2,	3014702,	1,	3014702.0,	Topic 2.1,	3014702,	0.5,	1507351.0,	Topic 2.2,	3014702,	1.5,	4522053.0,	
1652372787037,	Topic 1.1,	2687023,	2,	5374046.0,	Topic 1.2,	2818093,	1,	2818093.0,	Topic 2.1,	2687023,	0.5,	1343511.5,	Topic 2.2,	2818093,	1.5,	4227139.5,	
1652372787139,	Topic 1.1,	2949164,	2,	5898328.0,	Topic 1.2,	2949166,	1,	2949166.0,	Topic 2.1,	2949164,	0.5,	1474582.0,	Topic 2.2,	2949166,	1.5,	4423749.0,	
1652372787240,	Topic 1.1,	3080238,	2,	6160476.0,	Topic 1.2,	2687022,	1,	2687022.0,	Topic 2.1,	3080238,	0.5,	1540119.0,	Topic 2.2,	2687022,	1.5,	4030533.0,	
1652372787342,	Topic 1.1,	3145773,	2,	6291546.0,	Topic 1.2,	2949164,	1,	2949164.0,	Topic 2.1,	3145773,	0.5,	1572886.5,	Topic 2.2,	2949164,	1.5,	4423746.0,	
1652372787443,	Topic 1.1,	3080235,	2,	6160470.0,	Topic 1.2,	3014704,	1,	3014704.0,	Topic 2.1,	3080235,	0.5,	1540117.5,	Topic 2.2,	3014704,	1.5,	4522056.0,	
1652372787544,	Topic 1.1,	2818093,	2,	5636186.0,	Topic 1.2,	2818094,	1,	2818094.0,	Topic 2.1,	2818093,	0.5,	1409046.5,	Topic 2.2,	2818094,	1.5,	4227141.0,	
1652372787645,	Topic 1.1,	3145773,	2,	6291546.0,	Topic 1.2,	3014701,	1,	3014701.0,	Topic 2.1,	3145773,	0.5,	1572886.5,	Topic 2.2,	3014701,	1.5,	4522051.5,	
1652372787747,	Topic 1.1,	2949162,	2,	5898324.0,	Topic 1.2,	3080234,	1,	3080234.0,	Topic 2.1,	2949162,	0.5,	1474581.0,	Topic 2.2,	3080234,	1.5,	4620351.0,	
1652372787848,	Topic 1.1,	3080236,	2,	6160472.0,	Topic 1.2,	2818091,	1,	2818091.0,	Topic 2.1,	3080236,	0.5,	1540118.0,	Topic 2.2,	2818091,	1.5,	4227136.5,	
1652372787949,	Topic 1.1,	3080237,	2,	6160474.0,	Topic 1.2,	2818093,	1,	2818093.0,	Topic 2.1,	3080237,	0.5,	1540118.5,	Topic 2.2,	2818093,	1.5,	4227139.5,	
1652372788051,	Topic 1.1,	3014699,	2,	6029398.0,	Topic 1.2,	2687021,	1,	2687021.0,	Topic 2.1,	3014699,	0.5,	1507349.5,	Topic 2.2,	2687021,	1.5,	4030531.5,	
1652372788152,	Topic 1.1,	3080234,	2,	6160468.0,	Topic 1.2,	3014701,	1,	3014701.0,	Topic 2.1,	3080234,	0.5,	1540117.0,	Topic 2.2,	3014701,	1.5,	4522051.5,	
1652372788253,	Topic 1.1,	3014701,	2,	6029402.0,	Topic 1.2,	3080240,	1,	3080240.0,	Topic 2.1,	3014701,	0.5,	1507350.5,	Topic 2.2,	3080240,	1.5,	4620360.0,	
1652372788256,	Topic 1.1,	2687021,	2,	5374042.0,	Topic 1.2,	3145770,	1,	3145770.0,	Topic 2.1,	2687021,	0.5,	1343510.5,	Topic 2.2,	3145770,	1.5,	4718655.0,	
1652372788356,	Topic 1.1,	3145772,	2,	6291544.0,	Topic 1.2,	3145774,	1,	3145774.0,	Topic 2.1,	3145772,	0.5,	1572886.0,	Topic 2.2,	3145774,	1.5,	4718661.0,	
1652372788457,	Topic 1.1,	2949168,	2,	5898336.0,	Topic 1.2,	2883628,	1,	2883628.0,	Topic 2.1,	2949168,	0.5,	1474584.0,	Topic 2.2,	2883628,	1.5,	4325442.0,	
1652372788558,	Topic 1.1,	2883629,	2,	5767258.0,	Topic 1.2,	2752551,	1,	2752551.0,	Topic 2.1,	2883629,	0.5,	1441814.5,	Topic 2.2,	2752551,	1.5,	4128826.5,	
1652372788659,	Topic 1.1,	2949161,	2,	5898322.0,	Topic 1.2,	3080238,	1,	3080238.0,	Topic 2.1,	2949161,	0.5,	1474580.5,	Topic 2.2,	3080238,	1.5,	4620357.0,	
1652372788761,	Topic 1.1,	2687022,	2,	5374044.0,	Topic 1.2,	3145776,	1,	3145776.0,	Topic 2.1,	2687022,	0.5,	1343511.0,	Topic 2.2,	3145776,	1.5,	4718664.0,	
1652372788862,	Topic 1.1,	3014704,	2,	6029408.0,	Topic 1.2,	2818089,	1,	2818089.0,	Topic 2.1,	3014704,	0.5,	1507352.0,	Topic 2.2,	2818089,	1.5,	4227133.5,	
1652372788963,	Topic 1.1,	3014701,	2,	6029402.0,	Topic 1.2,	2818091,	1,	2818091.0,	Topic 2.1,	3014701,	0.5,	1507350.5,	Topic 2.2,	2818091,	1.5,	4227136.5,	
1652372789064,	Topic 1.1,	2818091,	2,	5636182.0,	Topic 1.2,	3211311,	1,	3211311.0,	Topic 2.1,	2818091,	0.5,	1409045.5,	Topic 2.2,	3211311,	1.5,	4816966.5,	
1652372789165,	Topic 1.1,	3014702,	2,	6029404.0,	Topic 1.2,	3014697,	1,	3014697.0,	Topic 2.1,	3014702,	0.5,	1507351.0,	Topic 2.2,	3014697,	1.5,	4522045.5,	
1652372789267,	Topic 1.1,	2883631,	2,	5767262.0,	Topic 1.2,	3014706,	1,	3014706.0,	Topic 2.1,	2883631,	0.5,	1441815.5,	Topic 2.2,	3014706,	1.5,	4522059.0,	
1652372789368,	Topic 1.1,	2752553,	2,	5505106.0,	Topic 1.2,	3080237,	1,	3080237.0,	Topic 2.1,	2752553,	0.5,	1376276.5,	Topic 2.2,	3080237,	1.5,	4620355.5,	
1652372789470,	Topic 1.1,	2883631,	2,	5767262.0,	Topic 1.2,	2883629,	1,	2883629.0,	Topic 2.1,	2883631,	0.5,	1441815.5,	Topic 2.2,	2883629,	1.5,	4325443.5,	
1652372789570,	Topic 1.1,	2818092,	2,	5636184.0,	Topic 1.2,	2949164,	1,	2949164.0,	Topic 2.1,	2818092,	0.5,	1409046.0,	Topic 2.2,	2949164,	1.5,	4423746.0,	
1652372789671,	Topic 1.1,	2818092,	2,	5636184.0,	Topic 1.2,	3014703,	1,	3014703.0,	Topic 2.1,	2818092,	0.5,	1409046.0,	Topic 2.2,	3014703,	1.5,	4522054.5,	
1652372789773,	Topic 1.1,	3014702,	2,	6029404.0,	Topic 1.2,	3014701,	1,	3014701.0,	Topic 2.1,	3014702,	0.5,	1507351.0,	Topic 2.2,	3014701,	1.5,	4522051.5,	
1652372789874,	Topic 1.1,	3014699,	2,	6029398.0,	Topic 1.2,	2752557,	1,	2752557.0,	Topic 2.1,	3014699,	0.5,	1507349.5,	Topic 2.2,	2752557,	1.5,	4128835.5,	
1652372789976,	Topic 1.1,	3014701,	2,	6029402.0,	Topic 1.2,	3080238,	1,	3080238.0,	Topic 2.1,	3014701,	0.5,	1507350.5,	Topic 2.2,	3080238,	1.5,	4620357.0,	
1652372790077,	Topic 1.1,	3014702,	2,	6029404.0,	Topic 1.2,	2883632,	1,	2883632.0,	Topic 2.1,	3014702,	0.5,	1507351.0,	Topic 2.2,	2883632,	1.5,	4325448.0,	
1652372790178,	Topic 1.1,	3014703,	2,	6029406.0,	Topic 1.2,	3145771,	1,	3145771.0,	Topic 2.1,	3014703,	0.5,	1507351.5,	Topic 2.2,	3145771,	1.5,	4718656.5,	
1652372790280,	Topic 1.1,	2883628,	2,	5767256.0,	Topic 1.2,	2949162,	1,	2949162.0,	Topic 2.1,	2883628,	0.5,	1441814.0,	Topic 2.2,	2949162,	1.5,	4423743.0,	
1652372790380,	Topic 1.1,	3014701,	2,	6029402.0,	Topic 1.2,	3014697,	1,	3014697.0,	Topic 2.1,	3014701,	0.5,	1507350.5,	Topic 2.2,	3014697,	1.5,	4522045.5,	
1652372790482,	Topic 1.1,	3080235,	2,	6160470.0,	Topic 1.2,	2949165,	1,	2949165.0,	Topic 2.1,	3080235,	0.5,	1540117.5,	Topic 2.2,	2949165,	1.5,	4423747.5,	
1652372790583,	Topic 1.1,	3211309,	2,	6422618.0,	Topic 1.2,	2883631,	1,	2883631.0,	Topic 2.1,	3211309,	0.5,	1605654.5,	Topic 2.2,	2883631,	1.5,	4325446.5,	
1652372790684,	Topic 1.1,	2818091,	2,	5636182.0,	Topic 1.2,	2818095,	1,	2818095.0,	Topic 2.1,	2818091,	0.5,	1409045.5,	Topic 2.2,	2818095,	1.5,	4227142.5,	
1652372790786,	Topic 1.1,	2949166,	2,	5898332.0,	Topic 1.2,	3014703,	1,	3014703.0,	Topic 2.1,	2949166,	0.5,	1474583.0,	Topic 2.2,	3014703,	1.5,	4522054.5,	
1652372790888,	Topic 1.1,	3014701,	2,	6029402.0,	Topic 1.2,	2818090,	1,	2818090.0,	Topic 2.1,	3014701,	0.5,	1507350.5,	Topic 2.2,	2818090,	1.5,	4227135.0,	
1652372790988,	Topic 1.1,	2949165,	2,	5898330.0,	Topic 1.2,	2752559,	1,	2752559.0,	Topic 2.1,	2949165,	0.5,	1474582.5,	Topic 2.2,	2752559,	1.5,	4128838.5,	
1652372791090,	Topic 1.1,	2949166,	2,	5898332.0,	Topic 1.2,	3145768,	1,	3145768.0,	Topic 2.1,	2949166,	0.5,	1474583.0,	Topic 2.2,	3145768,	1.5,	4718652.0,	
1652372791191,	Topic 1.1,	2883631,	2,	5767262.0,	Topic 1.2,	3080238,	1,	3080238.0,	Topic 2.1,	2883631,	0.5,	1441815.5,	Topic 2.2,	3080238,	1.5,	4620357.0,	
